
Summary:
Max order | Tot.N.str. | Tot.str.len. | Tot.area. | Dr.dens. | Str.freq. 
  (num)   |    (num)   |     (km)     |   (km2)   | (km/km2) | (num/km2) 
        8 |     129194 |   98295.1404 | 46645.9614 |   2.1073 |  2.7697 

Stream ratios based on regression coefficient:
 Bif.rt. | Len.rt. | Area.rt. | Slo.rt. | Grd.rt. 
  4.4195 |  2.0970 |   4.0744 |  1.3266 |  1.8326

Averaged stream ratios with standard deviations:
 Bif.rt. | Len.rt. | Area.rt. | Slo.rt. | Grd.rt. 
  4.3420 |  2.0704 |   3.7564 |  1.3233 |  1.8393
  0.8491 |  0.4962 |   1.6816 |  0.1224 |  0.3971

Order | Avg.len |  Avg.ar  |  Avg.sl |  Avg.grad. | Avg.el.dif
 num  |   (km)  |  (km2)   |  (m/m)  |    (m/m)   |     (m)   
    1 |  0.4957 |   0.2923 |  0.0694 |     0.0637 | 36.5665
    2 |  1.0737 |   1.2744 |  0.0504 |     0.0463 | 52.8307
    3 |  2.4822 |   5.7278 |  0.0336 |     0.0290 | 73.3066
    4 |  6.0834 |  26.7924 |  0.0236 |     0.0165 | 97.8522
    5 | 14.9994 | 126.1897 |  0.0181 |     0.0082 | 127.2610
    6 | 26.7101 | 489.5619 |  0.0138 |     0.0034 | 120.3715
    7 | 59.9503 | 2042.7368 |  0.0118 |     0.0024 | 102.2157
    8 | 64.3266 | 3742.7403 |  0.0100 |     0.0010 | 78.6724

Order | Std.len |  Std.ar  |  Std.sl |  Std.grad. | Std.el.dif
 num  |   (km)  |  (km2)   |  (m/m)  |    (m/m)   |     (m)   
    1 |  0.4409 |   0.2068 |  0.0972 |     0.0919 | 69.1624
    2 |  1.0048 |   0.9304 |  0.0719 |     0.0693 | 98.3492
    3 |  2.4100 |   4.2916 |  0.0466 |     0.0446 | 133.8222
    4 |  5.9453 |  18.7313 |  0.0266 |     0.0234 | 163.3371
    5 | 13.6355 |  86.5151 |  0.0172 |     0.0112 | 210.5836
    6 | 21.2897 | 241.6613 |  0.0088 |     0.0039 | 169.4538
    7 | 71.1802 | 1815.1454 |  0.0051 |     0.0031 | 104.4738
    8 | 59.4777 | 1240.0376 |  0.0025 |     0.0010 | 140.4215

Order | N.streams | Tot.len (km) | Tot.area (km2)
    1 |    100126 |   49627.7750 | 29262.2742
    2 |     22790 |   24469.9588 | 29043.4484
    3 |      4942 |   12267.0587 | 28306.8248
    4 |      1049 |    6381.4645 | 28105.1949
    5 |       222 |    3329.8572 | 28014.1127
    6 |        51 |    1362.2165 | 24967.6592
    7 |        10 |     599.5031 | 20427.3684
    8 |         4 |     257.3065 | 14970.9612

Order | Bif.rt. | Len.rt. | Area.rt. | Slo.rt. | Grd.rt. | d.dens. | str.freq.
    1 |  4.3934 |  2.1663 |   0.0000 |  1.3773 |  1.3776 |  1.6960 |  3.4217
    2 |  4.6115 |  2.3118 |   4.3606 |  1.5016 |  1.5946 |  0.8425 |  0.7847
    3 |  4.7112 |  2.4508 |   4.4945 |  1.4248 |  1.7622 |  0.4334 |  0.1746
    4 |  4.7252 |  2.4656 |   4.6776 |  1.3027 |  2.0162 |  0.2271 |  0.0373
    5 |  4.3529 |  1.7808 |   4.7099 |  1.3070 |  2.3790 |  0.1189 |  0.0079
    6 |  5.1000 |  2.2445 |   3.8796 |  1.1755 |  1.4590 |  0.0546 |  0.0020
    7 |  2.5000 |  1.0730 |   4.1726 |  1.1741 |  2.2866 |  0.0293 |  0.0005
    8 |  0.0000 |  0.0000 |   1.8322 |  0.0000 |  0.0000 |  0.0172 |  0.0003
